3 0.000000e+000 0.000000e+000
2.997 1.530506e-003 2.042718e-004
2.994 1.530476e-003 2.046771e-004
2.991 1.530537e-003 2.050958e-004
2.988 1.530598e-003 2.055159e-004
2.985 1.530659e-003 2.059372e-004
2.982 1.530720e-003 2.063598e-004
2.979 1.530782e-003 2.067838e-004
2.976 1.530844e-003 2.072090e-004
2.973 1.530905e-003 2.076356e-004
2.97 1.530968e-003 2.080635e-004
2.967 1.531030e-003 2.084927e-004
2.964 1.531092e-003 2.089233e-004
2.961 1.531155e-003 2.093552e-004
2.958 1.531218e-003 2.097885e-004
2.955 1.531281e-003 2.102231e-004
2.952 1.531344e-003 2.106590e-004
2.949 1.531407e-003 2.110964e-004
2.946 1.531471e-003 2.115351e-004
2.943 1.531534e-003 2.119752e-004
2.94 1.531598e-003 2.124166e-004
2.937 1.531662e-003 2.128595e-004
2.934 1.531727e-003 2.133037e-004
2.931 1.531791e-003 2.137494e-004
2.928 1.531856e-003 2.141964e-004
2.925 1.531921e-003 2.146449e-004
2.922 1.531986e-003 2.150948e-004
2.919 1.532051e-003 2.155461e-004
2.916 1.532116e-003 2.159988e-004
2.913 1.532182e-003 2.164530e-004
2.91 1.532248e-003 2.169086e-004
2.907 1.532314e-003 2.173657e-004
2.904 1.532380e-003 2.178242e-004
2.901 1.532446e-003 2.182842e-004
2.898 1.532513e-003 2.187456e-004
2.895 1.532580e-003 2.192085e-004
2.892 1.532647e-003 2.196729e-004
2.889 1.532714e-003 2.201388e-004
2.886 1.532781e-003 2.206062e-004
2.883 1.532849e-003 2.210750e-004
2.88 1.532917e-003 2.215454e-004
2.877 1.532985e-003 2.220173e-004
2.874 1.533053e-003 2.224907e-004
2.871 1.533122e-003 2.229656e-004
2.868 1.533190e-003 2.234421e-004
2.865 1.533259e-003 2.239201e-004
2.862 1.533328e-003 2.243996e-004
2.859 1.533397e-003 2.248807e-004
2.856 1.533467e-003 2.253633e-004
2.853 1.533536e-003 2.258475e-004
2.85 1.533606e-003 2.263333e-004
2.847 1.533676e-003 2.268207e-004
2.844 1.533747e-003 2.273096e-004
2.841 1.533817e-003 2.278002e-004
2.838 1.533888e-003 2.282923e-004
2.835 1.533959e-003 2.287860e-004
2.832 1.534030e-003 2.292814e-004
2.829 1.534101e-003 2.297784e-004
2.826 1.534173e-003 2.302770e-004
2.823 1.534245e-003 2.307772e-004
2.82 1.534317e-003 2.312791e-004
2.817 1.534389e-003 2.317826e-004
2.814 1.534462e-003 2.322878e-004
2.811 1.534534e-003 2.327946e-004
2.808 1.534607e-003 2.333031e-004
2.805 1.534680e-003 2.338133e-004
2.802 1.534754e-003 2.343252e-004
2.799 1.534827e-003 2.348387e-004
2.796 1.534901e-003 2.353540e-004
2.793 1.534975e-003 2.358710e-004
2.79 1.535049e-003 2.363896e-004
2.787 1.535124e-003 2.369100e-004
2.784 1.535198e-003 2.374322e-004
2.781 1.535273e-003 2.379560e-004
2.778 1.535349e-003 2.384817e-004
2.775 1.535424e-003 2.390090e-004
2.772 1.535500e-003 2.395382e-004
2.769 1.535575e-003 2.400691e-004
2.766 1.535652e-003 2.406018e-004
2.763 1.535728e-003 2.411362e-004
2.76 1.535804e-003 2.416725e-004
2.757 1.535881e-003 2.422105e-004
2.754 1.535958e-003 2.427504e-004
2.751 1.536036e-003 2.432921e-004
2.748 1.536113e-003 2.438356e-004
2.745 1.536191e-003 2.443809e-004
2.742 1.536269e-003 2.449281e-004
2.739 1.536347e-003 2.454772e-004
2.736 1.536425e-003 2.460280e-004
2.733 1.536504e-003 2.465808e-004
2.73 1.536583e-003 2.471354e-004
2.727 1.536662e-003 2.476920e-004
2.724 1.536742e-003 2.482504e-004
2.721 1.536822e-003 2.488107e-004
2.718 1.536901e-003 2.493729e-004
2.715 1.536982e-003 2.499371e-004
2.712 1.537062e-003 2.505031e-004
2.709 1.537143e-003 2.510711e-004
2.706 1.537224e-003 2.516411e-004
2.703 1.537305e-003 2.522130e-004
2.7 1.537386e-003 2.527868e-004
2.697 1.537468e-003 2.533627e-004
2.694 1.537550e-003 2.539405e-004
2.691 1.537632e-003 2.545203e-004
2.688 1.537715e-003 2.551021e-004
2.685 1.537797e-003 2.556859e-004
2.682 1.537880e-003 2.562718e-004
2.679 1.537964e-003 2.568596e-004
2.676 1.538047e-003 2.574495e-004
2.673 1.538131e-003 2.580415e-004
2.67 1.538215e-003 2.586355e-004
2.667 1.538299e-003 2.592315e-004
2.664 1.538384e-003 2.598297e-004
2.661 1.538469e-003 2.604299e-004
2.658 1.538554e-003 2.610322e-004
2.655 1.538639e-003 2.616366e-004
2.652 1.538725e-003 2.622432e-004
2.649 1.538811e-003 2.628518e-004
2.646 1.538897e-003 2.634626e-004
2.643 1.538983e-003 2.640756e-004
2.64 1.539070e-003 2.646906e-004
2.637 1.539157e-003 2.653079e-004
2.634 1.539244e-003 2.659273e-004
2.631 1.539332e-003 2.665489e-004
2.628 1.539420e-003 2.671727e-004
2.625 1.539508e-003 2.677987e-004
2.622 1.539596e-003 2.684270e-004
2.619 1.539685e-003 2.690574e-004
2.616 1.539774e-003 2.696901e-004
2.613 1.539863e-003 2.703250e-004
2.61 1.539953e-003 2.709622e-004
2.607 1.540043e-003 2.716017e-004
2.604 1.540133e-003 2.722434e-004
2.601 1.540223e-003 2.728874e-004
2.598 1.540314e-003 2.735338e-004
2.595 1.540405e-003 2.741824e-004
2.592 1.540496e-003 2.748333e-004
2.589 1.540587e-003 2.754866e-004
2.586 1.540679e-003 2.761423e-004
2.583 1.540771e-003 2.768003e-004
2.58 1.540864e-003 2.774606e-004
2.577 1.540956e-003 2.781234e-004
2.574 1.541049e-003 2.787885e-004
2.571 1.541143e-003 2.794560e-004
2.568 1.541236e-003 2.801260e-004
2.565 1.541330e-003 2.807984e-004
2.562 1.541424e-003 2.814732e-004
2.559 1.541519e-003 2.821504e-004
2.556 1.541614e-003 2.828302e-004
2.553 1.541709e-003 2.835123e-004
2.55 1.541804e-003 2.841970e-004
2.547 1.541900e-003 2.848842e-004
2.544 1.541996e-003 2.855739e-004
2.541 1.542092e-003 2.862661e-004
2.538 1.542189e-003 2.869608e-004
2.535 1.542286e-003 2.876581e-004
2.532 1.542383e-003 2.883579e-004
2.529 1.542481e-003 2.890604e-004
2.526 1.542579e-003 2.897654e-004
2.523 1.542677e-003 2.904729e-004
2.52 1.542776e-003 2.911831e-004
2.517 1.542874e-003 2.918960e-004
2.514 1.542974e-003 2.926114e-004
2.511 1.543073e-003 2.933295e-004
2.508 1.543173e-003 2.940503e-004
2.505 1.543273e-003 2.947737e-004
2.502 1.543374e-003 2.954999e-004
2.499 1.543474e-003 2.962287e-004
2.496 1.543576e-003 2.969602e-004
2.493 1.543677e-003 2.976945e-004
2.49 1.543779e-003 2.984315e-004
2.487 1.543881e-003 2.991713e-004
2.484 1.543983e-003 2.999138e-004
2.481 1.544086e-003 3.006591e-004
2.478 1.544189e-003 3.014072e-004
2.475 1.544293e-003 3.021582e-004
2.472 1.544396e-003 3.029119e-004
2.469 1.544501e-003 3.036685e-004
2.466 1.544605e-003 3.044279e-004
2.463 1.544710e-003 3.051903e-004
2.46 1.544815e-003 3.059554e-004
2.457 1.544920e-003 3.067235e-004
2.454 1.545026e-003 3.074945e-004
2.451 1.545132e-003 3.082684e-004
2.448 1.545239e-003 3.090453e-004
2.445 1.545346e-003 3.098251e-004
2.442 1.545453e-003 3.106079e-004
2.439 1.545560e-003 3.113937e-004
2.436 1.545668e-003 3.121825e-004
2.433 1.545777e-003 3.129742e-004
2.43 1.545885e-003 3.137691e-004
2.427 1.545994e-003 3.145669e-004
2.424 1.546104e-003 3.153679e-004
2.421 1.546213e-003 3.161719e-004
2.418 1.546323e-003 3.169790e-004
2.415 1.546434e-003 3.177892e-004
2.412 1.546544e-003 3.186025e-004
2.409 1.546656e-003 3.194190e-004
2.406 1.546767e-003 3.202386e-004
2.403 1.546879e-003 3.210615e-004
2.4 1.546991e-003 3.218875e-004
2.397 1.547104e-003 3.227167e-004
2.394 1.547217e-003 3.235491e-004
2.391 1.547330e-003 3.243848e-004
2.388 1.547444e-003 3.252237e-004
2.385 1.547558e-003 3.260659e-004
2.382 1.547672e-003 3.269114e-004
2.379 1.547787e-003 3.277602e-004
2.376 1.547902e-003 3.286124e-004
2.373 1.548018e-003 3.294678e-004
2.37 1.548134e-003 3.303267e-004
2.367 1.548250e-003 3.311889e-004
2.364 1.548367e-003 3.320545e-004
2.361 1.548484e-003 3.329235e-004
2.358 1.548601e-003 3.337960e-004
2.355 1.548719e-003 3.346719e-004
2.352 1.548837e-003 3.355513e-004
2.349 1.548956e-003 3.364341e-004
2.346 1.549075e-003 3.373205e-004
2.343 1.549195e-003 3.382104e-004
2.34 1.549314e-003 3.391038e-004
2.337 1.549435e-003 3.400008e-004
2.334 1.549555e-003 3.409014e-004
2.331 1.549676e-003 3.418055e-004
2.328 1.549798e-003 3.427133e-004
2.325 1.549919e-003 3.436247e-004
2.322 1.550042e-003 3.445398e-004
2.319 1.550164e-003 3.454586e-004
2.316 1.550287e-003 3.463810e-004
2.313 1.550411e-003 3.473072e-004
2.31 1.550534e-003 3.482371e-004
2.307 1.550659e-003 3.491708e-004
2.304 1.550783e-003 3.501082e-004
2.301 1.550908e-003 3.510494e-004
2.298 1.551034e-003 3.519945e-004
2.295 1.551160e-003 3.529434e-004
2.292 1.551286e-003 3.538961e-004
2.289 1.551413e-003 3.548527e-004
2.286 1.551540e-003 3.558132e-004
2.283 1.551667e-003 3.567777e-004
2.28 1.551795e-003 3.577461e-004
2.277 1.551923e-003 3.587184e-004
2.274 1.552052e-003 3.596947e-004
2.271 1.552181e-003 3.606751e-004
2.268 1.552311e-003 3.616594e-004
2.265 1.552441e-003 3.626478e-004
2.262 1.552571e-003 3.636403e-004
2.259 1.552702e-003 3.646369e-004
2.256 1.552834e-003 3.656376e-004
2.253 1.552965e-003 3.666425e-004
2.25 1.553098e-003 3.676515e-004
2.247 1.553230e-003 3.686647e-004
2.244 1.553363e-003 3.696821e-004
2.241 1.553497e-003 3.707037e-004
2.238 1.553631e-003 3.717296e-004
2.235 1.553765e-003 3.727597e-004
2.232 1.553900e-003 3.737942e-004
2.229 1.554035e-003 3.748330e-004
2.226 1.554171e-003 3.758761e-004
2.223 1.554307e-003 3.769237e-004
2.22 1.554443e-003 3.779756e-004
2.217 1.554580e-003 3.790319e-004
2.214 1.554718e-003 3.800927e-004
2.211 1.554856e-003 3.811580e-004
2.208 1.554994e-003 3.822277e-004
2.205 1.555133e-003 3.833020e-004
2.202 1.555272e-003 3.843808e-004
2.199 1.555412e-003 3.854643e-004
2.196 1.555552e-003 3.865523e-004
2.193 1.555693e-003 3.876449e-004
2.19 1.555834e-003 3.887422e-004
2.187 1.555975e-003 3.898442e-004
2.184 1.556117e-003 3.909508e-004
2.181 1.556260e-003 3.920622e-004
2.178 1.556402e-003 3.931784e-004
2.175 1.556546e-003 3.942993e-004
2.172 1.556690e-003 3.954251e-004
2.169 1.556834e-003 3.965557e-004
2.166 1.556979e-003 3.976911e-004
2.163 1.557124e-003 3.988315e-004
2.16 1.557270e-003 3.999768e-004
2.157 1.557416e-003 4.011270e-004
2.154 1.557562e-003 4.022822e-004
2.151 1.557709e-003 4.034424e-004
2.148 1.557857e-003 4.046077e-004
2.145 1.558005e-003 4.057780e-004
2.142 1.558153e-003 4.069534e-004
2.139 1.558302e-003 4.081340e-004
2.136 1.558452e-003 4.093197e-004
2.133 1.558602e-003 4.105106e-004
2.13 1.558752e-003 4.117066e-004
2.127 1.558903e-003 4.129080e-004
2.124 1.559054e-003 4.141146e-004
2.121 1.559206e-003 4.153265e-004
2.118 1.559359e-003 4.165438e-004
2.115 1.559511e-003 4.177664e-004
2.112 1.559665e-003 4.189944e-004
2.109 1.559818e-003 4.202278e-004
2.106 1.559973e-003 4.214667e-004
2.103 1.560127e-003 4.227111e-004
2.1 1.560283e-003 4.239611e-004
2.097 1.560438e-003 4.252165e-004
2.094 1.560595e-003 4.264776e-004
2.091 1.560751e-003 4.277443e-004
2.088 1.560908e-003 4.290166e-004
2.085 1.561066e-003 4.302947e-004
2.082 1.561224e-003 4.315784e-004
2.079 1.561383e-003 4.328680e-004
2.076 1.561542e-003 4.341633e-004
2.073 1.561702e-003 4.354644e-004
2.07 1.561862e-003 4.367714e-004
2.067 1.562022e-003 4.380843e-004
2.064 1.562183e-003 4.394031e-004
2.061 1.562345e-003 4.407279e-004
2.058 1.562507e-003 4.420586e-004
2.055 1.562670e-003 4.433955e-004
2.052 1.562833e-003 4.447383e-004
2.049 1.562996e-003 4.460873e-004
2.046 1.563160e-003 4.474425e-004
2.043 1.563325e-003 4.488038e-004
2.04 1.563490e-003 4.501713e-004
2.037 1.563656e-003 4.515451e-004
2.034 1.563822e-003 4.529252e-004
2.031 1.563988e-003 4.543116e-004
2.028 1.564155e-003 4.557044e-004
2.025 1.564323e-003 4.571036e-004
2.022 1.564491e-003 4.585093e-004
2.019 1.564660e-003 4.599214e-004
2.016 1.564829e-003 4.613401e-004
2.013 1.564998e-003 4.627653e-004
2.01 1.565168e-003 4.641971e-004
2.007 1.565339e-003 4.656356e-004
2.004 1.565510e-003 4.670808e-004
2.001 1.565681e-003 4.685326e-004
1.998 1.565853e-003 4.699913e-004
1.995 1.566026e-003 4.714568e-004
1.992 1.566199e-003 4.729291e-004
1.989 1.566373e-003 4.744083e-004
1.986 1.566547e-003 4.758944e-004
1.983 1.566721e-003 4.773875e-004
1.98 1.566896e-003 4.788877e-004
1.977 1.567072e-003 4.803948e-004
1.974 1.567248e-003 4.819092e-004
1.971 1.567425e-003 4.834306e-004
1.968 1.567602e-003 4.849593e-004
1.965 1.567779e-003 4.864951e-004
1.962 1.567957e-003 4.880383e-004
1.959 1.568136e-003 4.895888e-004
1.956 1.568315e-003 4.911467e-004
1.953 1.568494e-003 4.927120e-004
1.95 1.568674e-003 4.942848e-004
1.947 1.568855e-003 4.958650e-004
1.944 1.569036e-003 4.974529e-004
1.941 1.569217e-003 4.990483e-004
1.938 1.569399e-003 5.006514e-004
1.935 1.569582e-003 5.022622e-004
1.932 1.569765e-003 5.038808e-004
1.929 1.569948e-003 5.055071e-004
1.926 1.570132e-003 5.071413e-004
1.923 1.570317e-003 5.087834e-004
1.92 1.570502e-003 5.104335e-004
1.917 1.570687e-003 5.120915e-004
1.914 1.570873e-003 5.137576e-004
1.911 1.571059e-003 5.154318e-004
1.908 1.571246e-003 5.171142e-004
1.905 1.571433e-003 5.188047e-004
1.902 1.571621e-003 5.205035e-004
1.899 1.571810e-003 5.222106e-004
1.896 1.571998e-003 5.239261e-004
1.893 1.572187e-003 5.256500e-004
1.89 1.572377e-003 5.273823e-004
1.887 1.572567e-003 5.291232e-004
1.884 1.572758e-003 5.308726e-004
1.881 1.572949e-003 5.326307e-004
1.878 1.573140e-003 5.343974e-004
1.875 1.573332e-003 5.361729e-004
1.872 1.573525e-003 5.379572e-004
1.869 1.573718e-003 5.397504e-004
1.866 1.573911e-003 5.415524e-004
1.863 1.574105e-003 5.433634e-004
1.86 1.574299e-003 5.451835e-004
1.857 1.574494e-003 5.470126e-004
1.854 1.574689e-003 5.488509e-004
1.851 1.574884e-003 5.506983e-004
1.848 1.575080e-003 5.525551e-004
1.845 1.575277e-003 5.544211e-004
1.842 1.575473e-003 5.562965e-004
1.839 1.575671e-003 5.581814e-004
1.836 1.575868e-003 5.600758e-004
1.833 1.576066e-003 5.619797e-004
1.83 1.576265e-003 5.638933e-004
1.827 1.576464e-003 5.658165e-004
1.824 1.576663e-003 5.677495e-004
1.821 1.576863e-003 5.696923e-004
1.818 1.577063e-003 5.716450e-004
1.815 1.577263e-003 5.736077e-004
1.812 1.577464e-003 5.755803e-004
1.809 1.577665e-003 5.775631e-004
1.806 1.577867e-003 5.795559e-004
1.803 1.578069e-003 5.815590e-004
1.8 1.578271e-003 5.835724e-004
1.797 1.578474e-003 5.855961e-004
1.794 1.578677e-003 5.876302e-004
1.791 1.578881e-003 5.896748e-004
1.788 1.579084e-003 5.917299e-004
1.785 1.579289e-003 5.937957e-004
1.782 1.579493e-003 5.958721e-004
1.779 1.579698e-003 5.979593e-004
1.776 1.579903e-003 6.000574e-004
1.773 1.580108e-003 6.021663e-004
1.77 1.580314e-003 6.042862e-004
1.767 1.580520e-003 6.064172e-004
1.764 1.580727e-003 6.085593e-004
1.761 1.580933e-003 6.107126e-004
1.758 1.581140e-003 6.128772e-004
1.755 1.581348e-003 6.150531e-004
1.752 1.581555e-003 6.172404e-004
1.749 1.581763e-003 6.194393e-004
1.746 1.581971e-003 6.216497e-004
1.743 1.582179e-003 6.238717e-004
1.74 1.582388e-003 6.261055e-004
1.737 1.582597e-003 6.283511e-004
1.734 1.582806e-003 6.306086e-004
1.731 1.583015e-003 6.328781e-004
1.728 1.583224e-003 6.351596e-004
1.725 1.583434e-003 6.374533e-004
1.722 1.583644e-003 6.397591e-004
1.719 1.583854e-003 6.420773e-004
1.716 1.584064e-003 6.444079e-004
1.713 1.584274e-003 6.467509e-004
1.71 1.584485e-003 6.491064e-004
1.707 1.584696e-003 6.514746e-004
1.704 1.584906e-003 6.538555e-004
1.701 1.585117e-003 6.562492e-004
1.698 1.585329e-003 6.586559e-004
1.695 1.585540e-003 6.610754e-004
1.692 1.585751e-003 6.635081e-004
1.689 1.585963e-003 6.659539e-004
1.686 1.586174e-003 6.684130e-004
1.683 1.586386e-003 6.708854e-004
1.68 1.586597e-003 6.733713e-004
1.677 1.586809e-003 6.758706e-004
1.674 1.587021e-003 6.783836e-004
1.671 1.587232e-003 6.809103e-004
1.668 1.587444e-003 6.834508e-004
1.665 1.587656e-003 6.860052e-004
1.662 1.587868e-003 6.885735e-004
1.659 1.588079e-003 6.911560e-004
1.656 1.588291e-003 6.937527e-004
1.653 1.588503e-003 6.963636e-004
1.65 1.588714e-003 6.989889e-004
1.647 1.588926e-003 7.016287e-004
1.644 1.589137e-003 7.042831e-004
1.641 1.589349e-003 7.069522e-004
1.638 1.589560e-003 7.096361e-004
1.635 1.589771e-003 7.123348e-004
1.632 1.589982e-003 7.150486e-004
1.629 1.590193e-003 7.177774e-004
1.626 1.590403e-003 7.205215e-004
1.623 1.590614e-003 7.232808e-004
1.62 1.590824e-003 7.260556e-004
1.617 1.591034e-003 7.288459e-004
1.614 1.591244e-003 7.316518e-004
1.611 1.591453e-003 7.344735e-004
1.608 1.591663e-003 7.373110e-004
1.605 1.591872e-003 7.401645e-004
1.602 1.592080e-003 7.430340e-004
1.599 1.592289e-003 7.459198e-004
1.596 1.592497e-003 7.488218e-004
1.593 1.592705e-003 7.517403e-004
1.59 1.592912e-003 7.546753e-004
1.587 1.593119e-003 7.576269e-004
1.584 1.593326e-003 7.605954e-004
1.581 1.593532e-003 7.635807e-004
1.578 1.593737e-003 7.665830e-004
1.575 1.593943e-003 7.696024e-004
1.572 1.594148e-003 7.726391e-004
1.569 1.594352e-003 7.756931e-004
1.566 1.594556e-003 7.787647e-004
1.563 1.594759e-003 7.818539e-004
1.56 1.594962e-003 7.849608e-004
1.557 1.595164e-003 7.880856e-004
1.554 1.595366e-003 7.912284e-004
1.551 1.595567e-003 7.943893e-004
1.548 1.595767e-003 7.975685e-004
1.545 1.595967e-003 8.007661e-004
1.542 1.596166e-003 8.039822e-004
1.539 1.596364e-003 8.072170e-004
1.536 1.596562e-003 8.104705e-004
1.533 1.596759e-003 8.137431e-004
1.53 1.596955e-003 8.170346e-004
1.527 1.597151e-003 8.203454e-004
1.524 1.597346e-003 8.236755e-004
1.521 1.597540e-003 8.270252e-004
1.518 1.597733e-003 8.303944e-004
1.515 1.597925e-003 8.337835e-004
1.512 1.598117e-003 8.371924e-004
1.509 1.598307e-003 8.406215e-004
1.506 1.598497e-003 8.440707e-004
1.503 1.598686e-003 8.475404e-004
1.5 1.598874e-003 8.510305e-004
1.497 1.599060e-003 8.545414e-004
1.494 1.599246e-003 8.580730e-004
1.491 1.599431e-003 8.616256e-004
1.488 1.599615e-003 8.651994e-004
1.485 1.599798e-003 8.687945e-004
1.482 1.599980e-003 8.724111e-004
1.479 1.600161e-003 8.760492e-004
1.476 1.600341e-003 8.797092e-004
1.473 1.600519e-003 8.833911e-004
1.47 1.600697e-003 8.870952e-004
1.467 1.600873e-003 8.908215e-004
1.464 1.601048e-003 8.945704e-004
1.461 1.601222e-003 8.983418e-004
1.458 1.601395e-003 9.021361e-004
1.455 1.601567e-003 9.059534e-004
1.452 1.601737e-003 9.097938e-004
1.449 1.601907e-003 9.136576e-004
1.446 1.602075e-003 9.175450e-004
1.443 1.602242e-003 9.214560e-004
1.44 1.602407e-003 9.253910e-004
1.437 1.602571e-003 9.293502e-004
1.434 1.602734e-003 9.333336e-004
1.431 1.602896e-003 9.373415e-004
1.428 1.603057e-003 9.413741e-004
1.425 1.603216e-003 9.454316e-004
1.422 1.603373e-003 9.495143e-004
1.419 1.603530e-003 9.536222e-004
1.416 1.603685e-003 9.577557e-004
1.413 1.603839e-003 9.619149e-004
1.41 1.603992e-003 9.661001e-004
1.407 1.604143e-003 9.703115e-004
1.404 1.604293e-003 9.745493e-004
1.401 1.604442e-003 9.788137e-004
1.398 1.604589e-003 9.831049e-004
1.395 1.604736e-003 9.874233e-004
1.392 1.604881e-003 9.917690e-004
1.389 1.605024e-003 9.961423e-004
1.386 1.605167e-003 1.000543e-003
1.383 1.605308e-003 1.004973e-003
1.38 1.605448e-003 1.009430e-003
1.377 1.605587e-003 1.013916e-003
1.374 1.605725e-003 1.018431e-003
1.371 1.605862e-003 1.022975e-003
1.368 1.605997e-003 1.027549e-003
1.365 1.606132e-003 1.032152e-003
1.362 1.606266e-003 1.036785e-003
1.359 1.606398e-003 1.041449e-003
1.356 1.606530e-003 1.046143e-003
1.353 1.606661e-003 1.050868e-003
1.35 1.606791e-003 1.055624e-003
1.347 1.606921e-003 1.060411e-003
1.344 1.607050e-003 1.065231e-003
1.341 1.607178e-003 1.070082e-003
1.338 1.607306e-003 1.074966e-003
1.335 1.607433e-003 1.079883e-003
1.332 1.607560e-003 1.084833e-003
1.329 1.607687e-003 1.089817e-003
1.326 1.607814e-003 1.094835e-003
1.323 1.607941e-003 1.099887e-003
1.32 1.608068e-003 1.104973e-003
1.317 1.608195e-003 1.110095e-003
1.314 1.608322e-003 1.115252e-003
1.311 1.608450e-003 1.120446e-003
1.308 1.608579e-003 1.125675e-003
1.305 1.608708e-003 1.130942e-003
1.302 1.608839e-003 1.136246e-003
1.299 1.608971e-003 1.141588e-003
1.296 1.609104e-003 1.146968e-003
1.293 1.609238e-003 1.152386e-003
1.29 1.609375e-003 1.157844e-003
1.287 1.609513e-003 1.163342e-003
1.284 1.609653e-003 1.168880e-003
1.281 1.609796e-003 1.174460e-003
1.278 1.609942e-003 1.180080e-003
1.275 1.610091e-003 1.185743e-003
1.272 1.610243e-003 1.191449e-003
1.269 1.610399e-003 1.197198e-003
1.266 1.610559e-003 1.202991e-003
1.263 1.610723e-003 1.208829e-003
1.26 1.610891e-003 1.214713e-003
1.257 1.611065e-003 1.220643e-003
1.254 1.611244e-003 1.226619e-003
1.251 1.611429e-003 1.232644e-003
1.248 1.611621e-003 1.238717e-003
1.245 1.611819e-003 1.244840e-003
1.242 1.612024e-003 1.251013e-003
1.239 1.612237e-003 1.257238e-003
1.236 1.612459e-003 1.263514e-003
1.233 1.612689e-003 1.269844e-003
1.23 1.612929e-003 1.276228e-003
1.227 1.613179e-003 1.282668e-003
1.224 1.613440e-003 1.289164e-003
1.221 1.613713e-003 1.295718e-003
1.218 1.613998e-003 1.302331e-003
1.215 1.614295e-003 1.309003e-003
1.212 1.614607e-003 1.315737e-003
1.209 1.614933e-003 1.322534e-003
1.206 1.615275e-003 1.329396e-003
1.203 1.615634e-003 1.336323e-003
1.2 1.616010e-003 1.343317e-003
1.197 1.616405e-003 1.350380e-003
1.194 1.616819e-003 1.357514e-003
1.191 1.617254e-003 1.364720e-003
1.188 1.617712e-003 1.372000e-003
1.185 1.618192e-003 1.379357e-003
1.182 1.618698e-003 1.386792e-003
1.179 1.619229e-003 1.394307e-003
1.176 1.619789e-003 1.401905e-003
1.173 1.620377e-003 1.409587e-003
1.17 1.620996e-003 1.417357e-003
1.167 1.621648e-003 1.425217e-003
1.164 1.622334e-003 1.433170e-003
1.161 1.623056e-003 1.441218e-003
1.158 1.623817e-003 1.449364e-003
1.155 1.624618e-003 1.457612e-003
1.152 1.625462e-003 1.465965e-003
1.149 1.626351e-003 1.474426e-003
1.146 1.627287e-003 1.482999e-003
1.143 1.628274e-003 1.491688e-003
1.14 1.629314e-003 1.500497e-003
1.137 1.630409e-003 1.509429e-003
1.134 1.631564e-003 1.518490e-003
1.131 1.632781e-003 1.527684e-003
1.128 1.634063e-003 1.537017e-003
1.125 1.635415e-003 1.546493e-003
1.122 1.636840e-003 1.556117e-003
1.119 1.638343e-003 1.565897e-003
1.116 1.639927e-003 1.575838e-003
1.113 1.641597e-003 1.585947e-003
1.11 1.643358e-003 1.596230e-003
1.107 1.645216e-003 1.606696e-003
1.104 1.647175e-003 1.617352e-003
1.101 1.649241e-003 1.628206e-003
1.098 1.651421e-003 1.639267e-003
1.095 1.653721e-003 1.650545e-003
1.092 1.656148e-003 1.662050e-003
1.089 1.658710e-003 1.673792e-003
1.086 1.661414e-003 1.685783e-003
1.083 1.664268e-003 1.698035e-003
1.08 1.667283e-003 1.710562e-003
1.077 1.670467e-003 1.723376e-003
1.074 1.673830e-003 1.736493e-003
1.071 1.677385e-003 1.749930e-003
1.068 1.681142e-003 1.763702e-003
1.065 1.685114e-003 1.777829e-003
1.062 1.689314e-003 1.792330e-003
1.059 1.693758e-003 1.807227e-003
1.056 1.698462e-003 1.822543e-003
1.053 1.703442e-003 1.838302e-003
1.05 1.708716e-003 1.854531e-003
1.047 1.714305e-003 1.871260e-003
1.044 1.720231e-003 1.888520e-003
1.041 1.726516e-003 1.906344e-003
1.038 1.733186e-003 1.924772e-003
1.035 1.740270e-003 1.943842e-003
1.032 1.747796e-003 1.963600e-003
1.029 1.755800e-003 1.984094e-003
1.026 1.764317e-003 2.005378e-003
1.023 1.773387e-003 2.027510e-003
1.02 1.783055e-003 2.050555e-003
1.017 1.793369e-003 2.074584e-003
1.014 1.804384e-003 2.099678e-003
1.011 1.816160e-003 2.125924e-003
1.008 1.828764e-003 2.153420e-003
1.005 1.842271e-003 2.182276e-003
1.002 1.856765e-003 2.212616e-003
0.999 1.872342e-003 2.244580e-003
0.996 1.889109e-003 2.278323e-003
0.993 1.907188e-003 2.314026e-003
0.99 1.926719e-003 2.351893e-003
0.987 1.947863e-003 2.392158e-003
0.984 1.970805e-003 2.435092e-003
0.981 1.995759e-003 2.481008e-003
0.978 2.022978e-003 2.530274e-003
0.975 2.052756e-003 2.583322e-003
0.972 2.085445e-003 2.640662e-003
0.969 2.121466e-003 2.702908e-003
0.966 2.161325e-003 2.770797e-003
0.963 2.205643e-003 2.845232e-003
0.96 2.255185e-003 2.927327e-003
0.957 2.310912e-003 3.018473e-003
0.954 2.374044e-003 3.120442e-003
0.951 2.446161e-003 3.235523e-003
0.948 2.529349e-003 3.366737e-003
0.945 2.626433e-003 3.518169e-003
0.942 2.741346e-003 3.695498e-003
0.939 2.879755e-003 3.906902e-003
0.936 3.050189e-003 4.164674e-003
0.933 3.266209e-003 4.488335e-003
0.93 3.550999e-003 4.911215e-003
0.927 3.948422e-003 5.496300e-003
0.924 4.555209e-003 6.382307e-003
0.921 5.649930e-003 7.968161e-003
0.918 8.873879e-003 1.260021e-002
0.917108 2.253683e-002 3.214676e-002
