3 0.000000e+000 0.000000e+000
2.997 1.530414e-003 2.042594e-004
2.994 1.530474e-003 2.046769e-004
2.991 1.530535e-003 2.050956e-004
2.988 1.530596e-003 2.055156e-004
2.985 1.530657e-003 2.059370e-004
2.982 1.530719e-003 2.063596e-004
2.979 1.530780e-003 2.067835e-004
2.976 1.530842e-003 2.072088e-004
2.973 1.530904e-003 2.076354e-004
2.97 1.530966e-003 2.080633e-004
2.967 1.531028e-003 2.084925e-004
2.964 1.531090e-003 2.089230e-004
2.961 1.531153e-003 2.093550e-004
2.958 1.531216e-003 2.097882e-004
2.955 1.531279e-003 2.102228e-004
2.952 1.531342e-003 2.106588e-004
2.949 1.531405e-003 2.110961e-004
2.946 1.531469e-003 2.115348e-004
2.943 1.531532e-003 2.119749e-004
2.94 1.531596e-003 2.124164e-004
2.937 1.531660e-003 2.128592e-004
2.934 1.531725e-003 2.133035e-004
2.931 1.531789e-003 2.137491e-004
2.928 1.531854e-003 2.141962e-004
2.925 1.531919e-003 2.146446e-004
2.922 1.531984e-003 2.150945e-004
2.919 1.532049e-003 2.155458e-004
2.916 1.532114e-003 2.159985e-004
2.913 1.532180e-003 2.164527e-004
2.91 1.532246e-003 2.169083e-004
2.907 1.532312e-003 2.173654e-004
2.904 1.532378e-003 2.178239e-004
2.901 1.532444e-003 2.182839e-004
2.898 1.532511e-003 2.187453e-004
2.895 1.532578e-003 2.192082e-004
2.892 1.532645e-003 2.196726e-004
2.889 1.532712e-003 2.201385e-004
2.886 1.532779e-003 2.206058e-004
2.883 1.532847e-003 2.210747e-004
2.88 1.532915e-003 2.215451e-004
2.877 1.532983e-003 2.220170e-004
2.874 1.533051e-003 2.224904e-004
2.871 1.533119e-003 2.229653e-004
2.868 1.533188e-003 2.234417e-004
2.865 1.533257e-003 2.239197e-004
2.862 1.533326e-003 2.243993e-004
2.859 1.533395e-003 2.248804e-004
2.856 1.533464e-003 2.253630e-004
2.853 1.533534e-003 2.258472e-004
2.85 1.533604e-003 2.263330e-004
2.847 1.533674e-003 2.268203e-004
2.844 1.533744e-003 2.273093e-004
2.841 1.533815e-003 2.277998e-004
2.838 1.533886e-003 2.282919e-004
2.835 1.533956e-003 2.287857e-004
2.832 1.534028e-003 2.292810e-004
2.829 1.534099e-003 2.297780e-004
2.826 1.534171e-003 2.302766e-004
2.823 1.534242e-003 2.307768e-004
2.82 1.534314e-003 2.312787e-004
2.817 1.534387e-003 2.317822e-004
2.814 1.534459e-003 2.322874e-004
2.811 1.534532e-003 2.327942e-004
2.808 1.534605e-003 2.333027e-004
2.805 1.534678e-003 2.338129e-004
2.802 1.534751e-003 2.343248e-004
2.799 1.534825e-003 2.348383e-004
2.796 1.534898e-003 2.353536e-004
2.793 1.534972e-003 2.358705e-004
2.79 1.535047e-003 2.363892e-004
2.787 1.535121e-003 2.369096e-004
2.784 1.535196e-003 2.374317e-004
2.781 1.535271e-003 2.379556e-004
2.778 1.535346e-003 2.384812e-004
2.775 1.535421e-003 2.390086e-004
2.772 1.535497e-003 2.395377e-004
2.769 1.535573e-003 2.400686e-004
2.766 1.535649e-003 2.406013e-004
2.763 1.535725e-003 2.411358e-004
2.76 1.535801e-003 2.416720e-004
2.757 1.535878e-003 2.422101e-004
2.754 1.535955e-003 2.427499e-004
2.751 1.536032e-003 2.432916e-004
2.748 1.536110e-003 2.438351e-004
2.745 1.536188e-003 2.443804e-004
2.742 1.536266e-003 2.449276e-004
2.739 1.536344e-003 2.454767e-004
2.736 1.536422e-003 2.460275e-004
2.733 1.536501e-003 2.465803e-004
2.73 1.536580e-003 2.471349e-004
2.727 1.536659e-003 2.476914e-004
2.724 1.536739e-003 2.482499e-004
2.721 1.536818e-003 2.488102e-004
2.718 1.536898e-003 2.493724e-004
2.715 1.536978e-003 2.499365e-004
2.712 1.537059e-003 2.505026e-004
2.709 1.537139e-003 2.510706e-004
2.706 1.537220e-003 2.516405e-004
2.703 1.537302e-003 2.522124e-004
2.7 1.537383e-003 2.527863e-004
2.697 1.537465e-003 2.533621e-004
2.694 1.537547e-003 2.539399e-004
2.691 1.537629e-003 2.545197e-004
2.688 1.537711e-003 2.551015e-004
2.685 1.537794e-003 2.556853e-004
2.682 1.537877e-003 2.562712e-004
2.679 1.537960e-003 2.568590e-004
2.676 1.538044e-003 2.574489e-004
2.673 1.538127e-003 2.580409e-004
2.67 1.538211e-003 2.586348e-004
2.667 1.538296e-003 2.592309e-004
2.664 1.538380e-003 2.598290e-004
2.661 1.538465e-003 2.604293e-004
2.658 1.538550e-003 2.610316e-004
2.655 1.538635e-003 2.616360e-004
2.652 1.538721e-003 2.622425e-004
2.649 1.538807e-003 2.628512e-004
2.646 1.538893e-003 2.634619e-004
2.643 1.538979e-003 2.640749e-004
2.64 1.539066e-003 2.646899e-004
2.637 1.539153e-003 2.653072e-004
2.634 1.539240e-003 2.659266e-004
2.631 1.539328e-003 2.665482e-004
2.628 1.539416e-003 2.671720e-004
2.625 1.539504e-003 2.677980e-004
2.622 1.539592e-003 2.684262e-004
2.619 1.539681e-003 2.690567e-004
2.616 1.539770e-003 2.696893e-004
2.613 1.539859e-003 2.703243e-004
2.61 1.539948e-003 2.709614e-004
2.607 1.540038e-003 2.716009e-004
2.604 1.540128e-003 2.722426e-004
2.601 1.540219e-003 2.728866e-004
2.598 1.540309e-003 2.735329e-004
2.595 1.540400e-003 2.741816e-004
2.592 1.540491e-003 2.748325e-004
2.589 1.540583e-003 2.754858e-004
2.586 1.540675e-003 2.761414e-004
2.583 1.540767e-003 2.767994e-004
2.58 1.540859e-003 2.774598e-004
2.577 1.540952e-003 2.781225e-004
2.574 1.541045e-003 2.787876e-004
2.571 1.541138e-003 2.794552e-004
2.568 1.541231e-003 2.801251e-004
2.565 1.541325e-003 2.807975e-004
2.562 1.541419e-003 2.814723e-004
2.559 1.541514e-003 2.821495e-004
2.556 1.541609e-003 2.828292e-004
2.553 1.541704e-003 2.835114e-004
2.55 1.541799e-003 2.841961e-004
2.547 1.541895e-003 2.848832e-004
2.544 1.541991e-003 2.855729e-004
2.541 1.542087e-003 2.862651e-004
2.538 1.542184e-003 2.869598e-004
2.535 1.542281e-003 2.876571e-004
2.532 1.542378e-003 2.883569e-004
2.529 1.542475e-003 2.890593e-004
2.526 1.542573e-003 2.897643e-004
2.523 1.542672e-003 2.904719e-004
2.52 1.542770e-003 2.911821e-004
2.517 1.542869e-003 2.918949e-004
2.514 1.542968e-003 2.926103e-004
2.511 1.543067e-003 2.933284e-004
2.508 1.543167e-003 2.940492e-004
2.505 1.543267e-003 2.947726e-004
2.502 1.543368e-003 2.954987e-004
2.499 1.543468e-003 2.962275e-004
2.496 1.543569e-003 2.969591e-004
2.493 1.543671e-003 2.976933e-004
2.49 1.543773e-003 2.984303e-004
2.487 1.543875e-003 2.991701e-004
2.484 1.543977e-003 2.999126e-004
2.481 1.544080e-003 3.006579e-004
2.478 1.544183e-003 3.014060e-004
2.475 1.544286e-003 3.021569e-004
2.472 1.544390e-003 3.029107e-004
2.469 1.544494e-003 3.036672e-004
2.466 1.544598e-003 3.044266e-004
2.463 1.544703e-003 3.051889e-004
2.46 1.544808e-003 3.059541e-004
2.457 1.544914e-003 3.067222e-004
2.454 1.545019e-003 3.074932e-004
2.451 1.545125e-003 3.082671e-004
2.448 1.545232e-003 3.090439e-004
2.445 1.545339e-003 3.098237e-004
2.442 1.545446e-003 3.106065e-004
2.439 1.545553e-003 3.113923e-004
2.436 1.545661e-003 3.121810e-004
2.433 1.545769e-003 3.129728e-004
2.43 1.545878e-003 3.137676e-004
2.427 1.545987e-003 3.145654e-004
2.424 1.546096e-003 3.153664e-004
2.421 1.546206e-003 3.161703e-004
2.418 1.546316e-003 3.169774e-004
2.415 1.546426e-003 3.177876e-004
2.412 1.546537e-003 3.186009e-004
2.409 1.546648e-003 3.194174e-004
2.406 1.546759e-003 3.202370e-004
2.403 1.546871e-003 3.210598e-004
2.4 1.546983e-003 3.218858e-004
2.397 1.547096e-003 3.227150e-004
2.394 1.547209e-003 3.235474e-004
2.391 1.547322e-003 3.243831e-004
2.388 1.547435e-003 3.252220e-004
2.385 1.547549e-003 3.260642e-004
2.382 1.547664e-003 3.269096e-004
2.379 1.547779e-003 3.277584e-004
2.376 1.547894e-003 3.286105e-004
2.373 1.548009e-003 3.294660e-004
2.37 1.548125e-003 3.303248e-004
2.367 1.548241e-003 3.311870e-004
2.364 1.548358e-003 3.320526e-004
2.361 1.548475e-003 3.329216e-004
2.358 1.548592e-003 3.337940e-004
2.355 1.548710e-003 3.346699e-004
2.352 1.548828e-003 3.355493e-004
2.349 1.548947e-003 3.364321e-004
2.346 1.549066e-003 3.373185e-004
2.343 1.549185e-003 3.382083e-004
2.34 1.549305e-003 3.391017e-004
2.337 1.549425e-003 3.399987e-004
2.334 1.549546e-003 3.408992e-004
2.331 1.549666e-003 3.418034e-004
2.328 1.549788e-003 3.427111e-004
2.325 1.549909e-003 3.436225e-004
2.322 1.550032e-003 3.445376e-004
2.319 1.550154e-003 3.454563e-004
2.316 1.550277e-003 3.463787e-004
2.313 1.550400e-003 3.473049e-004
2.31 1.550524e-003 3.482348e-004
2.307 1.550648e-003 3.491684e-004
2.304 1.550773e-003 3.501058e-004
2.301 1.550898e-003 3.510470e-004
2.298 1.551023e-003 3.519920e-004
2.295 1.551149e-003 3.529409e-004
2.292 1.551275e-003 3.538936e-004
2.289 1.551401e-003 3.548502e-004
2.286 1.551528e-003 3.558107e-004
2.283 1.551656e-003 3.567751e-004
2.28 1.551784e-003 3.577434e-004
2.277 1.551912e-003 3.587157e-004
2.274 1.552040e-003 3.596920e-004
2.271 1.552170e-003 3.606723e-004
2.268 1.552299e-003 3.616567e-004
2.265 1.552429e-003 3.626450e-004
2.262 1.552559e-003 3.636375e-004
2.259 1.552690e-003 3.646340e-004
2.256 1.552821e-003 3.656347e-004
2.253 1.552953e-003 3.666395e-004
2.25 1.553085e-003 3.676485e-004
2.247 1.553218e-003 3.686616e-004
2.244 1.553350e-003 3.696790e-004
2.241 1.553484e-003 3.707006e-004
2.238 1.553618e-003 3.717264e-004
2.235 1.553752e-003 3.727566e-004
2.232 1.553887e-003 3.737910e-004
2.229 1.554022e-003 3.748297e-004
2.226 1.554157e-003 3.758729e-004
2.223 1.554293e-003 3.769203e-004
2.22 1.554430e-003 3.779722e-004
2.217 1.554566e-003 3.790285e-004
2.214 1.554704e-003 3.800893e-004
2.211 1.554842e-003 3.811545e-004
2.208 1.554980e-003 3.822242e-004
2.205 1.555118e-003 3.832984e-004
2.202 1.555257e-003 3.843772e-004
2.199 1.555397e-003 3.854606e-004
2.196 1.555537e-003 3.865485e-004
2.193 1.555677e-003 3.876411e-004
2.19 1.555818e-003 3.887384e-004
2.187 1.555960e-003 3.898403e-004
2.184 1.556102e-003 3.909469e-004
2.181 1.556244e-003 3.920583e-004
2.178 1.556387e-003 3.931744e-004
2.175 1.556530e-003 3.942953e-004
2.172 1.556673e-003 3.954210e-004
2.169 1.556818e-003 3.965515e-004
2.166 1.556962e-003 3.976869e-004
2.163 1.557107e-003 3.988272e-004
2.16 1.557253e-003 3.999725e-004
2.157 1.557399e-003 4.011226e-004
2.154 1.557545e-003 4.022778e-004
2.151 1.557692e-003 4.034380e-004
2.148 1.557839e-003 4.046032e-004
2.145 1.557987e-003 4.057734e-004
2.142 1.558136e-003 4.069488e-004
2.139 1.558284e-003 4.081293e-004
2.136 1.558434e-003 4.093149e-004
2.133 1.558583e-003 4.105057e-004
2.13 1.558734e-003 4.117017e-004
2.127 1.558884e-003 4.129030e-004
2.124 1.559035e-003 4.141096e-004
2.121 1.559187e-003 4.153214e-004
2.118 1.559339e-003 4.165386e-004
2.115 1.559492e-003 4.177611e-004
2.112 1.559645e-003 4.189891e-004
2.109 1.559799e-003 4.202225e-004
2.106 1.559953e-003 4.214613e-004
2.103 1.560107e-003 4.227056e-004
2.1 1.560262e-003 4.239555e-004
2.097 1.560418e-003 4.252109e-004
2.094 1.560574e-003 4.264719e-004
2.091 1.560730e-003 4.277385e-004
2.088 1.560887e-003 4.290108e-004
2.085 1.561044e-003 4.302887e-004
2.082 1.561202e-003 4.315724e-004
2.079 1.561361e-003 4.328618e-004
2.076 1.561520e-003 4.341571e-004
2.073 1.561679e-003 4.354581e-004
2.07 1.561839e-003 4.367650e-004
2.067 1.561999e-003 4.380778e-004
2.064 1.562160e-003 4.393966e-004
2.061 1.562322e-003 4.407213e-004
2.058 1.562483e-003 4.420519e-004
2.055 1.562646e-003 4.433887e-004
2.052 1.562809e-003 4.447315e-004
2.049 1.562972e-003 4.460804e-004
2.046 1.563136e-003 4.474354e-004
2.043 1.563300e-003 4.487966e-004
2.04 1.563465e-003 4.501641e-004
2.037 1.563630e-003 4.515378e-004
2.034 1.563796e-003 4.529178e-004
2.031 1.563962e-003 4.543041e-004
2.028 1.564129e-003 4.556968e-004
2.025 1.564296e-003 4.570959e-004
2.022 1.564464e-003 4.585014e-004
2.019 1.564632e-003 4.599135e-004
2.016 1.564801e-003 4.613320e-004
2.013 1.564971e-003 4.627571e-004
2.01 1.565140e-003 4.641888e-004
2.007 1.565311e-003 4.656272e-004
2.004 1.565481e-003 4.670722e-004
2.001 1.565653e-003 4.685240e-004
1.998 1.565824e-003 4.699825e-004
1.995 1.565997e-003 4.714479e-004
1.992 1.566169e-003 4.729201e-004
1.989 1.566343e-003 4.743992e-004
1.986 1.566516e-003 4.758852e-004
1.983 1.566691e-003 4.773782e-004
1.98 1.566865e-003 4.788782e-004
1.977 1.567041e-003 4.803852e-004
1.974 1.567216e-003 4.818994e-004
1.971 1.567393e-003 4.834207e-004
1.968 1.567569e-003 4.849492e-004
1.965 1.567746e-003 4.864850e-004
1.962 1.567924e-003 4.880280e-004
1.959 1.568102e-003 4.895784e-004
1.956 1.568281e-003 4.911361e-004
1.953 1.568460e-003 4.927013e-004
1.95 1.568640e-003 4.942739e-004
1.947 1.568820e-003 4.958540e-004
1.944 1.569001e-003 4.974417e-004
1.941 1.569182e-003 4.990370e-004
1.938 1.569363e-003 5.006399e-004
1.935 1.569545e-003 5.022506e-004
1.932 1.569728e-003 5.038689e-004
1.929 1.569911e-003 5.054951e-004
1.926 1.570095e-003 5.071292e-004
1.923 1.570279e-003 5.087711e-004
1.92 1.570463e-003 5.104210e-004
1.917 1.570648e-003 5.120788e-004
1.914 1.570834e-003 5.137448e-004
1.911 1.571020e-003 5.154188e-004
1.908 1.571206e-003 5.171009e-004
1.905 1.571393e-003 5.187913e-004
1.902 1.571580e-003 5.204899e-004
1.899 1.571768e-003 5.221968e-004
1.896 1.571956e-003 5.239121e-004
1.893 1.572145e-003 5.256358e-004
1.89 1.572334e-003 5.273679e-004
1.887 1.572524e-003 5.291086e-004
1.884 1.572714e-003 5.308578e-004
1.881 1.572904e-003 5.326156e-004
1.878 1.573095e-003 5.343822e-004
1.875 1.573287e-003 5.361575e-004
1.872 1.573479e-003 5.379415e-004
1.869 1.573671e-003 5.397344e-004
1.866 1.573864e-003 5.415363e-004
1.863 1.574057e-003 5.433470e-004
1.86 1.574251e-003 5.451668e-004
1.857 1.574445e-003 5.469957e-004
1.854 1.574640e-003 5.488338e-004
1.851 1.574835e-003 5.506810e-004
1.848 1.575030e-003 5.525374e-004
1.845 1.575226e-003 5.544032e-004
1.842 1.575422e-003 5.562784e-004
1.839 1.575619e-003 5.581630e-004
1.836 1.575816e-003 5.600571e-004
1.833 1.576013e-003 5.619608e-004
1.83 1.576211e-003 5.638740e-004
1.827 1.576409e-003 5.657970e-004
1.824 1.576608e-003 5.677297e-004
1.821 1.576807e-003 5.696723e-004
1.818 1.577007e-003 5.716247e-004
1.815 1.577206e-003 5.735870e-004
1.812 1.577407e-003 5.755594e-004
1.809 1.577607e-003 5.775418e-004
1.806 1.577808e-003 5.795343e-004
1.803 1.578010e-003 5.815371e-004
1.8 1.578211e-003 5.835501e-004
1.797 1.578413e-003 5.855735e-004
1.794 1.578616e-003 5.876073e-004
1.791 1.578818e-003 5.896515e-004
1.788 1.579021e-003 5.917063e-004
1.785 1.579225e-003 5.937717e-004
1.782 1.579429e-003 5.958478e-004
1.779 1.579633e-003 5.979347e-004
1.776 1.579837e-003 6.000323e-004
1.773 1.580042e-003 6.021409e-004
1.77 1.580247e-003 6.042604e-004
1.767 1.580452e-003 6.063910e-004
1.764 1.580658e-003 6.085327e-004
1.761 1.580863e-003 6.106856e-004
1.758 1.581070e-003 6.128498e-004
1.755 1.581276e-003 6.150253e-004
1.752 1.581483e-003 6.172122e-004
1.749 1.581690e-003 6.194106e-004
1.746 1.581897e-003 6.216206e-004
1.743 1.582104e-003 6.238422e-004
1.74 1.582312e-003 6.260755e-004
1.737 1.582520e-003 6.283207e-004
1.734 1.582728e-003 6.305777e-004
1.731 1.582936e-003 6.328467e-004
1.728 1.583145e-003 6.351278e-004
1.725 1.583353e-003 6.374209e-004
1.722 1.583562e-003 6.397263e-004
1.719 1.583771e-003 6.420440e-004
1.716 1.583981e-003 6.443740e-004
1.713 1.584190e-003 6.467165e-004
1.71 1.584400e-003 6.490715e-004
1.707 1.584609e-003 6.514392e-004
1.704 1.584819e-003 6.538195e-004
1.701 1.585029e-003 6.562127e-004
1.698 1.585239e-003 6.586187e-004
1.695 1.585449e-003 6.610378e-004
1.692 1.585660e-003 6.634698e-004
1.689 1.585870e-003 6.659151e-004
1.686 1.586080e-003 6.683735e-004
1.683 1.586291e-003 6.708453e-004
1.68 1.586501e-003 6.733306e-004
1.677 1.586712e-003 6.758293e-004
1.674 1.586922e-003 6.783416e-004
1.671 1.587133e-003 6.808677e-004
1.668 1.587344e-003 6.834075e-004
1.665 1.587554e-003 6.859612e-004
1.662 1.587765e-003 6.885289e-004
1.659 1.587975e-003 6.911107e-004
1.656 1.588186e-003 6.937066e-004
1.653 1.588396e-003 6.963168e-004
1.65 1.588606e-003 6.989414e-004
1.647 1.588817e-003 7.015805e-004
1.644 1.589027e-003 7.042341e-004
1.641 1.589237e-003 7.069024e-004
1.638 1.589447e-003 7.095855e-004
1.635 1.589656e-003 7.122835e-004
1.632 1.589866e-003 7.149964e-004
1.629 1.590075e-003 7.177244e-004
1.626 1.590284e-003 7.204676e-004
1.623 1.590494e-003 7.232262e-004
1.62 1.590702e-003 7.260001e-004
1.617 1.590911e-003 7.287895e-004
1.614 1.591119e-003 7.315945e-004
1.611 1.591327e-003 7.344153e-004
1.608 1.591535e-003 7.372519e-004
1.605 1.591742e-003 7.401044e-004
1.602 1.591950e-003 7.429730e-004
1.599 1.592156e-003 7.458578e-004
1.596 1.592363e-003 7.487589e-004
1.593 1.592569e-003 7.516763e-004
1.59 1.592775e-003 7.546103e-004
1.587 1.592980e-003 7.575609e-004
1.584 1.593185e-003 7.605283e-004
1.581 1.593389e-003 7.635125e-004
1.578 1.593593e-003 7.665137e-004
1.575 1.593797e-003 7.695321e-004
1.572 1.594000e-003 7.725676e-004
1.569 1.594203e-003 7.756205e-004
1.566 1.594405e-003 7.786909e-004
1.563 1.594606e-003 7.817789e-004
1.56 1.594807e-003 7.848847e-004
1.557 1.595007e-003 7.880082e-004
1.554 1.595207e-003 7.911498e-004
1.551 1.595406e-003 7.943095e-004
1.548 1.595605e-003 7.974874e-004
1.545 1.595802e-003 8.006837e-004
1.542 1.596000e-003 8.038985e-004
1.539 1.596196e-003 8.071319e-004
1.536 1.596392e-003 8.103841e-004
1.533 1.596587e-003 8.136553e-004
1.53 1.596781e-003 8.169454e-004
1.527 1.596974e-003 8.202548e-004
1.524 1.597167e-003 8.235835e-004
1.521 1.597359e-003 8.269317e-004
1.518 1.597550e-003 8.302994e-004
1.515 1.597740e-003 8.336869e-004
1.512 1.597929e-003 8.370944e-004
1.509 1.598118e-003 8.405219e-004
1.506 1.598305e-003 8.439695e-004
1.503 1.598492e-003 8.474375e-004
1.5 1.598677e-003 8.509261e-004
1.497 1.598862e-003 8.544352e-004
1.494 1.599045e-003 8.579652e-004
1.491 1.599228e-003 8.615161e-004
1.488 1.599409e-003 8.650882e-004
1.485 1.599590e-003 8.686815e-004
1.482 1.599769e-003 8.722962e-004
1.479 1.599948e-003 8.759326e-004
1.476 1.600125e-003 8.795907e-004
1.473 1.600301e-003 8.832708e-004
1.47 1.600476e-003 8.869729e-004
1.467 1.600650e-003 8.906973e-004
1.464 1.600822e-003 8.944442e-004
1.461 1.600994e-003 8.982137e-004
1.458 1.601164e-003 9.020059e-004
1.455 1.601333e-003 9.058211e-004
1.452 1.601501e-003 9.096595e-004
1.449 1.601667e-003 9.135212e-004
1.446 1.601833e-003 9.174064e-004
1.443 1.601997e-003 9.213154e-004
1.44 1.602159e-003 9.252482e-004
1.437 1.602321e-003 9.292051e-004
1.434 1.602481e-003 9.331862e-004
1.431 1.602640e-003 9.371919e-004
1.428 1.602798e-003 9.412222e-004
1.425 1.602954e-003 9.452773e-004
1.422 1.603109e-003 9.493576e-004
1.419 1.603262e-003 9.534632e-004
1.416 1.603415e-003 9.575942e-004
1.413 1.603566e-003 9.617510e-004
1.41 1.603715e-003 9.659337e-004
1.407 1.603864e-003 9.701425e-004
1.404 1.604011e-003 9.743777e-004
1.401 1.604156e-003 9.786395e-004
1.398 1.604301e-003 9.829282e-004
1.395 1.604444e-003 9.872439e-004
1.392 1.604586e-003 9.915869e-004
1.389 1.604726e-003 9.959575e-004
1.386 1.604866e-003 1.000356e-003
1.383 1.605004e-003 1.004782e-003
1.38 1.605141e-003 1.009237e-003
1.377 1.605277e-003 1.013720e-003
1.374 1.605411e-003 1.018233e-003
1.371 1.605545e-003 1.022774e-003
1.368 1.605677e-003 1.027344e-003
1.365 1.605809e-003 1.031945e-003
1.362 1.605939e-003 1.036575e-003
1.359 1.606069e-003 1.041235e-003
1.356 1.606198e-003 1.045926e-003
1.353 1.606325e-003 1.050648e-003
1.35 1.606453e-003 1.055401e-003
1.347 1.606579e-003 1.060186e-003
1.344 1.606705e-003 1.065002e-003
1.341 1.606830e-003 1.069851e-003
1.338 1.606955e-003 1.074732e-003
1.335 1.607079e-003 1.079645e-003
1.332 1.607203e-003 1.084592e-003
1.329 1.607327e-003 1.089573e-003
1.326 1.607451e-003 1.094587e-003
1.323 1.607574e-003 1.099636e-003
1.32 1.607698e-003 1.104720e-003
1.317 1.607823e-003 1.109838e-003
1.314 1.607947e-003 1.114993e-003
1.311 1.608072e-003 1.120183e-003
1.308 1.608198e-003 1.125409e-003
1.305 1.608325e-003 1.130673e-003
1.302 1.608453e-003 1.135974e-003
1.299 1.608582e-003 1.141312e-003
1.296 1.608713e-003 1.146689e-003
1.293 1.608845e-003 1.152105e-003
1.29 1.608979e-003 1.157560e-003
1.287 1.609115e-003 1.163055e-003
1.284 1.609253e-003 1.168590e-003
1.281 1.609394e-003 1.174166e-003
1.278 1.609538e-003 1.179784e-003
1.275 1.609685e-003 1.185444e-003
1.272 1.609835e-003 1.191147e-003
1.269 1.609989e-003 1.196894e-003
1.266 1.610147e-003 1.202684e-003
1.263 1.610310e-003 1.208520e-003
1.26 1.610477e-003 1.214401e-003
1.257 1.610650e-003 1.220328e-003
1.254 1.610828e-003 1.226303e-003
1.251 1.611012e-003 1.232325e-003
1.248 1.611203e-003 1.238397e-003
1.245 1.611401e-003 1.244518e-003
1.242 1.611606e-003 1.250689e-003
1.239 1.611819e-003 1.256912e-003
1.236 1.612041e-003 1.263187e-003
1.233 1.612272e-003 1.269516e-003
1.23 1.612513e-003 1.275899e-003
1.227 1.612764e-003 1.282338e-003
1.224 1.613027e-003 1.288834e-003
1.221 1.613301e-003 1.295387e-003
1.218 1.613587e-003 1.302000e-003
1.215 1.613888e-003 1.308673e-003
1.212 1.614202e-003 1.315408e-003
1.209 1.614531e-003 1.322205e-003
1.206 1.614877e-003 1.329068e-003
1.203 1.615239e-003 1.335996e-003
1.2 1.615620e-003 1.342993e-003
1.197 1.616019e-003 1.350058e-003
1.194 1.616439e-003 1.357195e-003
1.191 1.616880e-003 1.364404e-003
1.188 1.617344e-003 1.371689e-003
1.185 1.617831e-003 1.379050e-003
1.182 1.618344e-003 1.386489e-003
1.179 1.618884e-003 1.394010e-003
1.176 1.619452e-003 1.401614e-003
1.173 1.620050e-003 1.409304e-003
1.17 1.620680e-003 1.417081e-003
1.167 1.621343e-003 1.424949e-003
1.164 1.622041e-003 1.432911e-003
1.161 1.622776e-003 1.440969e-003
1.158 1.623551e-003 1.449127e-003
1.155 1.624366e-003 1.457387e-003
1.152 1.625226e-003 1.465753e-003
1.149 1.626132e-003 1.474228e-003
1.146 1.627087e-003 1.482817e-003
1.143 1.628093e-003 1.491522e-003
1.14 1.629153e-003 1.500349e-003
1.137 1.630271e-003 1.509301e-003
1.134 1.631449e-003 1.518383e-003
1.131 1.632690e-003 1.527600e-003
1.128 1.634000e-003 1.536957e-003
1.125 1.635380e-003 1.546459e-003
1.122 1.636835e-003 1.556112e-003
1.119 1.638369e-003 1.565922e-003
1.116 1.639987e-003 1.575896e-003
1.113 1.641694e-003 1.586040e-003
1.11 1.643493e-003 1.596361e-003
1.107 1.645391e-003 1.606867e-003
1.104 1.647394e-003 1.617567e-003
1.101 1.649506e-003 1.628467e-003
1.098 1.651735e-003 1.639579e-003
1.095 1.654087e-003 1.650910e-003
1.092 1.656570e-003 1.662472e-003
1.089 1.659190e-003 1.674276e-003
1.086 1.661957e-003 1.686334e-003
1.083 1.664878e-003 1.698657e-003
1.08 1.667964e-003 1.711259e-003
1.077 1.671223e-003 1.724156e-003
1.074 1.674667e-003 1.737361e-003
1.071 1.678307e-003 1.750891e-003
1.068 1.682155e-003 1.764764e-003
1.065 1.686224e-003 1.779000e-003
1.062 1.690529e-003 1.793618e-003
1.059 1.695084e-003 1.808640e-003
1.056 1.699905e-003 1.824090e-003
1.053 1.705012e-003 1.839995e-003
1.05 1.710421e-003 1.856380e-003
1.047 1.716155e-003 1.873278e-003
1.044 1.722236e-003 1.890719e-003
1.041 1.728688e-003 1.908740e-003
1.038 1.735537e-003 1.927380e-003
1.035 1.742813e-003 1.946680e-003
1.032 1.750547e-003 1.966687e-003
1.029 1.758774e-003 1.987451e-003
1.026 1.767532e-003 2.009028e-003
1.023 1.776863e-003 2.031479e-003
1.02 1.786813e-003 2.054872e-003
1.017 1.797433e-003 2.079281e-003
1.014 1.808781e-003 2.104789e-003
1.011 1.820919e-003 2.131489e-003
1.008 1.833918e-003 2.159483e-003
1.005 1.847857e-003 2.188887e-003
1.002 1.862825e-003 2.219831e-003
0.999 1.878924e-003 2.252462e-003
0.996 1.896266e-003 2.286946e-003
0.993 1.914981e-003 2.323473e-003
0.99 1.935219e-003 2.362258e-003
0.987 1.957150e-003 2.403552e-003
0.984 1.980973e-003 2.447642e-003
0.981 2.006918e-003 2.494865e-003
0.978 2.035254e-003 2.545614e-003
0.975 2.066303e-003 2.600353e-003
0.972 2.100444e-003 2.659635e-003
0.969 2.138134e-003 2.724123e-003
0.966 2.179929e-003 2.794623e-003
0.963 2.226509e-003 2.872122e-003
0.96 2.278722e-003 2.957847e-003
0.957 2.337634e-003 3.053341e-003
0.954 2.404613e-003 3.160581e-003
0.951 2.481446e-003 3.282146e-003
0.948 2.570514e-003 3.421473e-003
0.945 2.675079e-003 3.583263e-003
0.942 2.799748e-003 3.774145e-003
0.939 2.951275e-003 4.003829e-003
0.936 3.140042e-003 4.287228e-003
0.933 3.383016e-003 4.648677e-003
0.93 3.710286e-003 5.131283e-003
0.927 4.181803e-003 5.820826e-003
0.924 4.940679e-003 6.921810e-003
0.921 6.461646e-003 9.111688e-003
0.918 1.281714e-002 1.819256e-002
